# Linear P(k) at z=0 from CAMB, normalised to sigma_8 = 0.81
# Om=0.31 Ob=0.048 h=0.676 ns=0.965, no massive neutrinos
# k [h/Mpc]    P(k) [(Mpc/h)^3]
1.00000000e-04 4.16243317e+02
1.01290996e-04 4.21425009e+02
1.02598658e-04 4.26671134e+02
1.03923203e-04 4.31982489e+02
1.05264847e-04 4.37359883e+02
1.06623812e-04 4.42804133e+02
1.08000320e-04 4.48316068e+02
1.09394600e-04 4.53896525e+02
1.10806880e-04 4.59546354e+02
1.12237392e-04 4.65266412e+02
1.13686372e-04 4.71057570e+02
1.15154058e-04 4.76920708e+02
1.16640692e-04 4.82856717e+02
1.18146519e-04 4.88866501e+02
1.19671785e-04 4.94950974e+02
1.21216743e-04 5.01111060e+02
1.22781646e-04 5.07347696e+02
1.24366752e-04 5.13661830e+02
1.25972321e-04 5.20054421e+02
1.27598619e-04 5.26526438e+02
1.29245911e-04 5.33078861e+02
1.30914471e-04 5.39712681e+02
1.32604571e-04 5.46428902e+02
1.34316490e-04 5.53228541e+02
1.36050511e-04 5.60112625e+02
1.37806917e-04 5.67082196e+02
1.39585998e-04 5.74138309e+02
1.41388048e-04 5.81282031e+02
1.43213362e-04 5.88514445e+02
1.45062240e-04 5.95836647e+02
1.46934987e-04 6.03249743e+02
1.48831912e-04 6.10754857e+02
1.50753326e-04 6.18353124e+02
1.52699545e-04 6.26045695e+02
1.54670889e-04 6.33833730e+02
1.56667684e-04 6.41718403e+02
1.58690257e-04 6.49700903e+02
1.60738942e-04 6.57782433e+02
1.62814075e-04 6.65964209e+02
1.64915998e-04 6.74247464e+02
1.67045056e-04 6.82633444e+02
1.69201601e-04 6.91123411e+02
1.71385986e-04 6.99718643e+02
1.73598572e-04 7.08420434e+02
1.75839722e-04 7.17230093e+02
1.78109806e-04 7.26148944e+02
1.80409196e-04 7.35178330e+02
1.82738271e-04 7.44319606e+02
1.85097414e-04 7.53574148e+02
1.87487014e-04 7.62943345e+02
1.89907464e-04 7.72428599e+02
1.92359161e-04 7.82031330e+02
1.94842510e-04 7.91752976e+02
1.97357918e-04 8.01594990e+02
1.99905801e-04 8.11558843e+02
2.02486576e-04 8.21646024e+02
2.05100669e-04 8.31858039e+02
2.07748510e-04 8.42196414e+02
2.10430535e-04 8.52662689e+02
2.13147184e-04 8.63258427e+02
2.15898905e-04 8.73985206e+02
2.18686151e-04 8.84844624e+02
2.21509380e-04 8.95838298e+02
2.24369057e-04 9.06967866e+02
2.27265652e-04 9.18234982e+02
2.30199642e-04 9.29641318e+02
2.33171509e-04 9.41188564e+02
2.36181744e-04 9.52878431e+02
2.39230840e-04 9.64712647e+02
2.42319300e-04 9.76692962e+02
2.45447632e-04 9.88821148e+02
2.48616351e-04 1.00109899e+03
2.51825977e-04 1.01352832e+03
2.55077040e-04 1.02611094e+03
2.58370074e-04 1.03884873e+03
2.61705621e-04 1.05174357e+03
2.65084229e-04 1.06479734e+03
2.68506455e-04 1.07801197e+03
2.71972862e-04 1.09138941e+03
2.75484021e-04 1.10493163e+03
2.79040508e-04 1.11864060e+03
2.82642909e-04 1.13251833e+03
2.86291817e-04 1.14656685e+03
2.89987832e-04 1.16078819e+03
2.93731563e-04 1.17518443e+03
2.97523625e-04 1.18975766e+03
3.01364643e-04 1.20450999e+03
3.05255247e-04 1.21944357e+03
3.09196080e-04 1.23456056e+03
3.13187788e-04 1.24986316e+03
3.17231029e-04 1.26535357e+03
3.21326468e-04 1.28103405e+03
3.25474780e-04 1.29690687e+03
3.29676645e-04 1.31297430e+03
3.33932757e-04 1.32923868e+03
3.38243815e-04 1.34570235e+03
3.42610528e-04 1.36236768e+03
3.47033616e-04 1.37923703e+03
3.51513805e-04 1.39631283e+03
3.56051833e-04 1.41359750e+03
3.60648447e-04 1.43109351e+03
3.65304404e-04 1.44880335e+03
3.70020468e-04 1.46672953e+03
3.74797417e-04 1.48487460e+03
3.79636036e-04 1.50324112e+03
3.84537121e-04 1.52183170e+03
3.89501479e-04 1.54064895e+03
3.94529926e-04 1.55969554e+03
3.99623291e-04 1.57897415e+03
4.04782411e-04 1.59848749e+03
4.10008135e-04 1.61823830e+03
4.15301323e-04 1.63822934e+03
4.20662845e-04 1.65846341e+03
4.26093585e-04 1.67894331e+03
4.31594435e-04 1.69967188e+03
4.37166301e-04 1.72065200e+03
4.42810100e-04 1.74188658e+03
4.48526759e-04 1.76337853e+03
4.54317221e-04 1.78513083e+03
4.60182437e-04 1.80714646e+03
4.66123373e-04 1.82942845e+03
4.72141006e-04 1.85197984e+03
4.78236326e-04 1.87480372e+03
4.84410337e-04 1.89790320e+03
4.90664054e-04 1.92128143e+03
4.96998506e-04 1.94494158e+03
5.03414736e-04 1.96888686e+03
5.09913799e-04 1.99312050e+03
5.16496765e-04 2.01764574e+03
5.23164716e-04 2.04246588e+03
5.29918751e-04 2.06758421e+03
5.36759979e-04 2.09300409e+03
5.43689528e-04 2.11872890e+03
5.50708537e-04 2.14476205e+03
5.57818161e-04 2.17110698e+03
5.65019570e-04 2.19776715e+03
5.72313949e-04 2.22474609e+03
5.79702498e-04 2.25204731e+03
5.87186433e-04 2.27967439e+03
5.94766985e-04 2.30763094e+03
6.02445401e-04 2.33592058e+03
6.10222946e-04 2.36454700e+03
6.18100899e-04 2.39351388e+03
6.26080555e-04 2.42282494e+03
6.34163229e-04 2.45248394e+03
6.42350249e-04 2.48249466e+03
6.50642964e-04 2.51286090e+03
6.59042737e-04 2.54358653e+03
6.67550951e-04 2.57467542e+03
6.76169006e-04 2.60613150e+03
6.84898319e-04 2.63795870e+03
6.93740328e-04 2.67016100e+03
7.02696486e-04 2.70274239e+03
7.11768268e-04 2.73570690e+03
7.20957166e-04 2.76905861e+03
7.30264693e-04 2.80280161e+03
7.39692379e-04 2.83694005e+03
7.49241777e-04 2.87147808e+03
7.58914456e-04 2.90641990e+03
7.68712010e-04 2.94176971e+03
7.78636050e-04 2.97753176e+03
7.88688208e-04 3.01371033e+03
7.98870140e-04 3.05030973e+03
8.09183520e-04 3.08733430e+03
8.19630045e-04 3.12478842e+03
8.30211434e-04 3.16267650e+03
8.40929429e-04 3.20100294e+03
8.51785792e-04 3.23977217e+03
8.62782311e-04 3.27898866e+03
8.73920794e-04 3.31865690e+03
8.85203075e-04 3.35878141e+03
8.96631009e-04 3.39936677e+03
9.08206478e-04 3.44041755e+03
9.19931385e-04 3.48193836e+03
9.31807660e-04 3.52393380e+03
9.43837258e-04 3.56640852e+03
9.56022157e-04 3.60936719e+03
9.68364363e-04 3.65281449e+03
9.80865906e-04 3.69675515e+03
9.93528843e-04 3.74119392e+03
1.00635526e-03 3.78613558e+03
1.01934726e-03 3.83158489e+03
1.03250699e-03 3.87754662e+03
1.04583661e-03 3.92402556e+03
1.05933832e-03 3.97102652e+03
1.07301433e-03 4.01855434e+03
1.08686690e-03 4.06661389e+03
1.10089831e-03 4.11521004e+03
1.11511086e-03 4.16434769e+03
1.12950690e-03 4.21403169e+03
1.14408878e-03 4.26426691e+03
1.15885892e-03 4.31505821e+03
1.17381974e-03 4.36641049e+03
1.18897370e-03 4.41832865e+03
1.20432330e-03 4.47081762e+03
1.21987107e-03 4.52388234e+03
1.23561955e-03 4.57752773e+03
1.25157135e-03 4.63175870e+03
1.26772908e-03 4.68658016e+03
1.28409541e-03 4.74199702e+03
1.30067303e-03 4.79801422e+03
1.31746466e-03 4.85463668e+03
1.33447307e-03 4.91186936e+03
1.35170106e-03 4.96971719e+03
1.36915147e-03 5.02818507e+03
1.38682716e-03 5.08727784e+03
1.40473104e-03 5.14700032e+03
1.42286605e-03 5.20735737e+03
1.44123520e-03 5.26835379e+03
1.45984148e-03 5.32999443e+03
1.47868797e-03 5.39228408e+03
1.49777777e-03 5.45522756e+03
1.51711402e-03 5.51882958e+03
1.53669990e-03 5.58309479e+03
1.55653863e-03 5.64802787e+03
1.57663348e-03 5.71363342e+03
1.59698775e-03 5.77991607e+03
1.61760479e-03 5.84688041e+03
1.63848800e-03 5.91453100e+03
1.65964081e-03 5.98287236e+03
1.68106671e-03 6.05190891e+03
1.70276921e-03 6.12164500e+03
1.72475189e-03 6.19208494e+03
1.74701836e-03 6.26323304e+03
1.76957229e-03 6.33509353e+03
1.79241740e-03 6.40767063e+03
1.81555743e-03 6.48096851e+03
1.83899620e-03 6.55499121e+03
1.86273756e-03 6.62974264e+03
1.88678543e-03 6.70522661e+03
1.91114375e-03 6.78144690e+03
1.93581653e-03 6.85840722e+03
1.96080784e-03 6.93611121e+03
1.98612179e-03 7.01456246e+03
2.01176254e-03 7.09376448e+03
2.03773431e-03 7.17372063e+03
2.06404137e-03 7.25443417e+03
2.09068806e-03 7.33590824e+03
2.11767875e-03 7.41814593e+03
2.14501790e-03 7.50115022e+03
2.17270999e-03 7.58492402e+03
2.20075958e-03 7.66947014e+03
2.22917129e-03 7.75479129e+03
2.25794980e-03 7.84088991e+03
2.28709984e-03 7.92776828e+03
2.31662620e-03 8.01542860e+03
2.34653375e-03 8.10387292e+03
2.37682740e-03 8.19310320e+03
2.40751214e-03 8.28312125e+03
2.43859302e-03 8.37392878e+03
2.47007515e-03 8.46552733e+03
2.50196372e-03 8.55791816e+03
2.53426397e-03 8.65110238e+03
2.56698121e-03 8.74508094e+03
2.60012083e-03 8.83985467e+03
2.63368828e-03 8.93542421e+03
2.66768908e-03 9.03179009e+03
2.70212883e-03 9.12895265e+03
2.73701320e-03 9.22691197e+03
2.77234793e-03 9.32566780e+03
2.80813882e-03 9.42521973e+03
2.84439178e-03 9.52556715e+03
2.88111276e-03 9.62670925e+03
2.91830780e-03 9.72864507e+03
2.95598303e-03 9.83137342e+03
2.99414465e-03 9.93489291e+03
3.03279893e-03 1.00392018e+04
3.07195223e-03 1.01442981e+04
3.11161101e-03 1.02501794e+04
3.15178178e-03 1.03568433e+04
3.19247115e-03 1.04642871e+04
3.23368581e-03 1.05725078e+04
3.27543256e-03 1.06815023e+04
3.31771826e-03 1.07912670e+04
3.36054986e-03 1.09017980e+04
3.40393442e-03 1.10130908e+04
3.44787907e-03 1.11251410e+04
3.49239104e-03 1.12379435e+04
3.53747766e-03 1.13514932e+04
3.58314635e-03 1.14657848e+04
3.62940462e-03 1.15808123e+04
3.67626008e-03 1.16965698e+04
3.72372044e-03 1.18130504e+04
3.77179351e-03 1.19302472e+04
3.82048721e-03 1.20481527e+04
3.86980954e-03 1.21667592e+04
3.91976862e-03 1.22860588e+04
3.97037266e-03 1.24060430e+04
4.02163001e-03 1.25267031e+04
4.07354908e-03 1.26480299e+04
4.12613843e-03 1.27700134e+04
4.17940670e-03 1.28926434e+04
4.23336266e-03 1.30159092e+04
4.28801520e-03 1.31397998e+04
4.34337329e-03 1.32643038e+04
4.39944606e-03 1.33894094e+04
4.45624272e-03 1.35151044e+04
4.51377263e-03 1.36413759e+04
4.57204524e-03 1.37682103e+04
4.63107015e-03 1.38955939e+04
4.69085707e-03 1.40235122e+04
4.75141584e-03 1.41519504e+04
4.81275642e-03 1.42808936e+04
4.87488890e-03 1.44103259e+04
4.93782351e-03 1.45402314e+04
5.00157061e-03 1.46705928e+04
5.06614067e-03 1.48013927e+04
5.13154433e-03 1.49326129e+04
5.19779236e-03 1.50642349e+04
5.26489564e-03 1.51962396e+04
5.33286522e-03 1.53286077e+04
5.40171228e-03 1.54613191e+04
5.47144816e-03 1.55943531e+04
5.54208432e-03 1.57276878e+04
5.61363240e-03 1.58613010e+04
5.68610416e-03 1.59951696e+04
5.75951152e-03 1.61292703e+04
5.83386657e-03 1.62635792e+04
5.90918154e-03 1.63980718e+04
5.98546883e-03 1.65327232e+04
6.06274098e-03 1.66675074e+04
6.14101071e-03 1.68023972e+04
6.22029090e-03 1.69373648e+04
6.30059459e-03 1.70723821e+04
6.38193500e-03 1.72074204e+04
6.46432551e-03 1.73424502e+04
6.54777968e-03 1.74774418e+04
6.63231124e-03 1.76123647e+04
6.71793410e-03 1.77471869e+04
6.80466235e-03 1.78818754e+04
6.89251025e-03 1.80163968e+04
6.98149227e-03 1.81507171e+04
7.07162304e-03 1.82848016e+04
7.16291739e-03 1.84186153e+04
7.25539036e-03 1.85521224e+04
7.34905714e-03 1.86852864e+04
7.44393316e-03 1.88180688e+04
7.54003402e-03 1.89504305e+04
7.63737554e-03 1.90823318e+04
7.73597374e-03 1.92137322e+04
7.83584483e-03 1.93445912e+04
7.93700526e-03 1.94748672e+04
8.03947166e-03 1.96045184e+04
8.14326090e-03 1.97335015e+04
8.24839006e-03 1.98617713e+04
8.35487643e-03 1.99892820e+04
8.46273753e-03 2.01159872e+04
8.57199111e-03 2.02418402e+04
8.68265516e-03 2.03667936e+04
8.79474787e-03 2.04907996e+04
8.90828769e-03 2.06138099e+04
9.02329331e-03 2.07357740e+04
9.13978365e-03 2.08566397e+04
9.25777787e-03 2.09763542e+04
9.37729539e-03 2.10948647e+04
9.49835588e-03 2.12121175e+04
9.62097925e-03 2.13280589e+04
9.74518569e-03 2.14426345e+04
9.87099563e-03 2.15557894e+04
9.99842976e-03 2.16674656e+04
1.01275091e-02 2.17776039e+04
1.02582548e-02 2.18861448e+04
1.03906884e-02 2.19930287e+04
1.05248318e-02 2.20981954e+04
1.06607069e-02 2.22015850e+04
1.07983362e-02 2.23031368e+04
1.09377422e-02 2.24027894e+04
1.10789480e-02 2.25004784e+04
1.12219768e-02 2.25961388e+04
1.13668520e-02 2.26897058e+04
1.15135976e-02 2.27811144e+04
1.16622377e-02 2.28702997e+04
1.18127967e-02 2.29571969e+04
1.19652994e-02 2.30417410e+04
1.21197709e-02 2.31238649e+04
1.22762366e-02 2.32034987e+04
1.24347223e-02 2.32805725e+04
1.25952541e-02 2.33550168e+04
1.27578583e-02 2.34267624e+04
1.29225617e-02 2.34957404e+04
1.30893914e-02 2.35618825e+04
1.32583749e-02 2.36251205e+04
1.34295400e-02 2.36853838e+04
1.36029147e-02 2.37426006e+04
1.37785278e-02 2.37967000e+04
1.39564080e-02 2.38476117e+04
1.41365847e-02 2.38952663e+04
1.43190874e-02 2.39395954e+04
1.45039462e-02 2.39805315e+04
1.46911915e-02 2.40180072e+04
1.48808542e-02 2.40519528e+04
1.50729654e-02 2.40822983e+04
1.52675567e-02 2.41089754e+04
1.54646602e-02 2.41319172e+04
1.56643083e-02 2.41510583e+04
1.58665339e-02 2.41663347e+04
1.60713702e-02 2.41776843e+04
1.62788509e-02 2.41850456e+04
1.64890102e-02 2.41883563e+04
1.67018826e-02 2.41875562e+04
1.69175032e-02 2.41825870e+04
1.71359075e-02 2.41733926e+04
1.73571313e-02 2.41599194e+04
1.75812111e-02 2.41421157e+04
1.78081838e-02 2.41199328e+04
1.80380867e-02 2.40933236e+04
1.82709577e-02 2.40622432e+04
1.85068350e-02 2.40266498e+04
1.87457574e-02 2.39865040e+04
1.89877644e-02 2.39417696e+04
1.92328956e-02 2.38924135e+04
1.94811915e-02 2.38384056e+04
1.97326928e-02 2.37797196e+04
1.99874411e-02 2.37163355e+04
2.02454781e-02 2.36482381e+04
2.05068464e-02 2.35754157e+04
2.07715889e-02 2.34978597e+04
2.10397492e-02 2.34155655e+04
2.13113715e-02 2.33285317e+04
2.15865004e-02 2.32367608e+04
2.18651812e-02 2.31402619e+04
2.21474598e-02 2.30390568e+04
2.24333825e-02 2.29331728e+04
2.27229966e-02 2.28226407e+04
2.30163495e-02 2.27074946e+04
2.33134896e-02 2.25877725e+04
2.36144658e-02 2.24635157e+04
2.39193275e-02 2.23347691e+04
2.42281250e-02 2.22015922e+04
2.45409091e-02 2.20640633e+04
2.48577312e-02 2.19222647e+04
2.51786435e-02 2.17762815e+04
2.55036987e-02 2.16262011e+04
2.58329504e-02 2.14721136e+04
2.61664527e-02 2.13141111e+04
2.65042605e-02 2.11522902e+04
2.68464294e-02 2.09867741e+04
2.71930156e-02 2.08177046e+04
2.75440763e-02 2.06452245e+04
2.78996692e-02 2.04694771e+04
2.82598527e-02 2.02906056e+04
2.86246862e-02 2.01087532e+04
2.89942297e-02 1.99240629e+04
2.93685440e-02 1.97366855e+04
2.97476907e-02 1.95468141e+04
3.01317321e-02 1.93546539e+04
3.05207315e-02 1.91604066e+04
3.09147529e-02 1.89642702e+04
3.13138610e-02 1.87664388e+04
3.17181216e-02 1.85671027e+04
3.21276013e-02 1.83664479e+04
3.25423672e-02 1.81646738e+04
3.29624878e-02 1.79620176e+04
3.33880322e-02 1.77587155e+04
3.38190702e-02 1.75549960e+04
3.42556730e-02 1.73510797e+04
3.46979123e-02 1.71471797e+04
3.51458609e-02 1.69435010e+04
3.55995925e-02 1.67402421e+04
3.60591817e-02 1.65376370e+04
3.65247042e-02 1.63359600e+04
3.69962366e-02 1.61354759e+04
3.74738565e-02 1.59364371e+04
3.79576424e-02 1.57390838e+04
3.84476739e-02 1.55436443e+04
3.89440318e-02 1.53503351e+04
3.94467976e-02 1.51593573e+04
3.99560541e-02 1.49708603e+04
4.04718851e-02 1.47849617e+04
4.09943754e-02 1.46017718e+04
4.15236111e-02 1.44213939e+04
4.20596791e-02 1.42439253e+04
4.26026678e-02 1.40694565e+04
4.31526665e-02 1.38980725e+04
4.37097656e-02 1.37298821e+04
4.42740568e-02 1.35651124e+04
4.48456330e-02 1.34040110e+04
4.54245882e-02 1.32468126e+04
4.60110177e-02 1.30937390e+04
4.66050180e-02 1.29450010e+04
4.72066869e-02 1.28007982e+04
4.78161232e-02 1.26613072e+04
4.84334273e-02 1.25264458e+04
4.90587008e-02 1.23959157e+04
4.96920466e-02 1.22694232e+04
5.03335688e-02 1.21466860e+04
5.09833731e-02 1.20274329e+04
5.16415663e-02 1.19114027e+04
5.23082567e-02 1.17983538e+04
5.29835541e-02 1.16881355e+04
5.36675696e-02 1.15806428e+04
5.43604156e-02 1.14757745e+04
5.50622063e-02 1.13734324e+04
5.57730570e-02 1.12735218e+04
5.64930849e-02 1.11759416e+04
5.72224082e-02 1.10804081e+04
5.79611471e-02 1.09864737e+04
5.87094230e-02 1.08936988e+04
5.94673592e-02 1.08016584e+04
6.02350803e-02 1.07099413e+04
6.10127127e-02 1.06181486e+04
6.18003842e-02 1.05258795e+04
6.25982246e-02 1.04327397e+04
6.34063650e-02 1.03383500e+04
6.42249385e-02 1.02423465e+04
6.50540798e-02 1.01443807e+04
6.58939252e-02 1.00440918e+04
6.67446130e-02 9.94109691e+03
6.76062831e-02 9.83503146e+03
6.84790774e-02 9.72555335e+03
6.93631394e-02 9.61234515e+03
7.02586146e-02 9.49516332e+03
7.11656503e-02 9.37386229e+03
7.20843959e-02 9.24832404e+03
7.30150024e-02 9.11845246e+03
7.39576230e-02 8.98418223e+03
7.49124128e-02 8.84558524e+03
7.58795289e-02 8.70283380e+03
7.68591304e-02 8.55611274e+03
7.78513785e-02 8.40561706e+03
7.88564366e-02 8.25161855e+03
7.98744698e-02 8.09456040e+03
8.09056459e-02 7.93490118e+03
8.19501343e-02 7.77308567e+03
8.30081071e-02 7.60957455e+03
8.40797383e-02 7.44495493e+03
8.51652042e-02 7.27982377e+03
8.62646834e-02 7.11474071e+03
8.73783568e-02 6.95026118e+03
8.85064077e-02 6.78705631e+03
8.96490217e-02 6.62578732e+03
9.08063868e-02 6.46705692e+03
9.19786934e-02 6.31147323e+03
9.31661344e-02 6.15974587e+03
9.43689053e-02 6.01253803e+03
9.55872039e-02 5.87044290e+03
9.68212307e-02 5.73398843e+03
9.80711887e-02 5.60363298e+03
9.93372836e-02 5.47977727e+03
1.00619724e-01 5.36277905e+03
1.01918720e-01 5.25295305e+03
1.03234487e-01 5.15037666e+03
1.04567239e-01 5.05488334e+03
1.05917198e-01 4.96630775e+03
1.07284585e-01 4.88449243e+03
1.08669624e-01 4.80904956e+03
1.10072544e-01 4.73933365e+03
1.11493576e-01 4.67472665e+03
1.12932954e-01 4.61463616e+03
1.14390913e-01 4.55831988e+03
1.15867695e-01 4.50494205e+03
1.17363542e-01 4.45370445e+03
1.18878701e-01 4.40382119e+03
1.20413420e-01 4.35444206e+03
1.21967952e-01 4.30472892e+03
1.23542553e-01 4.25388235e+03
1.25137482e-01 4.20114796e+03
1.26753002e-01 4.14581867e+03
1.28389378e-01 4.08723394e+03
1.30046879e-01 4.02486429e+03
1.31725779e-01 3.95841268e+03
1.33426353e-01 3.88765108e+03
1.35148882e-01 3.81247877e+03
1.36893648e-01 3.73315473e+03
1.38660939e-01 3.65003136e+03
1.40451046e-01 3.56352875e+03
1.42264263e-01 3.47435000e+03
1.44100889e-01 3.38324730e+03
1.45961225e-01 3.29098357e+03
1.47845578e-01 3.19849681e+03
1.49754259e-01 3.10669731e+03
1.51687580e-01 3.01647873e+03
1.53645860e-01 2.92882500e+03
1.55629422e-01 2.84463387e+03
1.57638591e-01 2.76469603e+03
1.59673698e-01 2.68970773e+03
1.61735079e-01 2.62024725e+03
1.63823072e-01 2.55654141e+03
1.65938021e-01 2.49865449e+03
1.68080274e-01 2.44646517e+03
1.70250183e-01 2.39947215e+03
1.72448106e-01 2.35714329e+03
1.74674404e-01 2.31874229e+03
1.76929443e-01 2.28345040e+03
1.79213595e-01 2.25042756e+03
1.81527234e-01 2.21876682e+03
1.83870743e-01 2.18758377e+03
1.86244507e-01 2.15597084e+03
1.88648916e-01 2.12306312e+03
1.91084365e-01 2.08812635e+03
1.93551256e-01 2.05053539e+03
1.96049995e-01 2.00994970e+03
1.98580992e-01 1.96628749e+03
2.01144664e-01 1.91973266e+03
2.03741433e-01 1.87077403e+03
2.06371727e-01 1.82003747e+03
2.09035977e-01 1.76832709e+03
2.11734623e-01 1.71646990e+03
2.14468108e-01 1.66533555e+03
2.17236882e-01 1.61573387e+03
2.20041401e-01 1.56841690e+03
2.22882126e-01 1.52398630e+03
2.25759525e-01 1.48287945e+03
2.28674071e-01 1.44530401e+03
2.31626244e-01 1.41125596e+03
2.34616529e-01 1.38049964e+03
2.37645418e-01 1.35264170e+03
2.40713410e-01 1.32710826e+03
2.43821010e-01 1.30323500e+03
2.46968729e-01 1.28024088e+03
2.50157085e-01 1.25734578e+03
2.53386603e-01 1.23380836e+03
2.56657813e-01 1.20908583e+03
2.59971255e-01 1.18284982e+03
2.63327473e-01 1.15508504e+03
2.66727019e-01 1.12598748e+03
2.70170454e-01 1.09592172e+03
2.73658343e-01 1.06534824e+03
2.77191261e-01 1.03478148e+03
2.80769788e-01 1.00477614e+03
2.84394514e-01 9.75895810e+02
2.88066035e-01 9.48624804e+02
2.91784956e-01 9.23296284e+02
2.95551887e-01 8.99995228e+02
2.99367450e-01 8.78590571e+02
3.03232271e-01 8.58779975e+02
3.07146987e-01 8.40168780e+02
3.11112241e-01 8.22325597e+02
3.15128687e-01 8.04807900e+02
3.19196985e-01 7.87192810e+02
3.23317805e-01 7.69146820e+02
3.27491824e-01 7.50503648e+02
3.31719730e-01 7.31295043e+02
3.36002217e-01 7.11728038e+02
3.40339992e-01 6.92107463e+02
3.44733767e-01 6.72760930e+02
3.49184265e-01 6.53997962e+02
3.53692219e-01 6.36077823e+02
3.58258371e-01 6.19169984e+02
3.62883471e-01 6.03313017e+02
3.67568282e-01 5.88404133e+02
3.72313573e-01 5.74241638e+02
3.77120125e-01 5.60587590e+02
3.81988730e-01 5.47207376e+02
3.86920189e-01 5.33891128e+02
3.91915312e-01 5.20487760e+02
3.96974922e-01 5.06956088e+02
4.02099852e-01 4.93385686e+02
4.07290944e-01 4.79944225e+02
4.12549053e-01 4.66792074e+02
4.17875044e-01 4.54049994e+02
4.23269793e-01 4.41818285e+02
4.28734188e-01 4.30161379e+02
4.34269128e-01 4.19050908e+02
4.39875524e-01 4.08362533e+02
4.45554299e-01 3.97960312e+02
4.51306386e-01 3.87756595e+02
4.57132732e-01 3.77684080e+02
4.63034297e-01 3.67684179e+02
4.69012050e-01 3.57764934e+02
4.75066976e-01 3.48014939e+02
4.81200070e-01 3.38522228e+02
4.87412343e-01 3.29322938e+02
4.93704816e-01 3.20437876e+02
5.00078524e-01 3.11880796e+02
5.06534517e-01 3.03615086e+02
5.13073856e-01 2.95566634e+02
5.19697618e-01 2.87686999e+02
5.26406892e-01 2.79958311e+02
5.33202783e-01 2.72364143e+02
5.40086408e-01 2.64910676e+02
5.47058901e-01 2.57641594e+02
5.54121409e-01 2.50584238e+02
5.61275093e-01 2.43734565e+02
5.68521130e-01 2.37094328e+02
5.75860714e-01 2.30653023e+02
5.83295052e-01 2.24372355e+02
5.90825366e-01 2.18234509e+02
5.98452897e-01 2.12241025e+02
6.06178899e-01 2.06381078e+02
6.14004643e-01 2.00663696e+02
6.21931417e-01 1.95109031e+02
6.29960525e-01 1.89710332e+02
6.38093289e-01 1.84461293e+02
6.46331046e-01 1.79353864e+02
6.54675153e-01 1.74380475e+02
6.63126981e-01 1.69535701e+02
6.71687923e-01 1.64816545e+02
6.80359386e-01 1.60220210e+02
6.89142797e-01 1.55743943e+02
6.98039601e-01 1.51385032e+02
7.07051263e-01 1.47140809e+02
7.16179265e-01 1.43008645e+02
7.25425109e-01 1.38985958e+02
7.34790316e-01 1.35070206e+02
7.44276428e-01 1.31258890e+02
7.53885006e-01 1.27549555e+02
7.63617629e-01 1.23939787e+02
7.73475901e-01 1.20427217e+02
7.83461442e-01 1.17009516e+02
7.93575896e-01 1.13684399e+02
8.03820928e-01 1.10449623e+02
8.14198222e-01 1.07302980e+02
8.24709487e-01 1.04242232e+02
8.35356451e-01 1.01265143e+02
8.46140868e-01 9.83695293e+01
8.57064511e-01 9.55532644e+01
8.68129178e-01 9.28142730e+01
8.79336689e-01 9.01505315e+01
8.90688888e-01 8.75600665e+01
9.02187644e-01 8.50409540e+01
9.13834849e-01 8.25913178e+01
9.25632418e-01 8.02093287e+01
9.37582293e-01 7.78932031e+01
9.49686441e-01 7.56412022e+01
9.61946853e-01 7.34516306e+01
9.74365547e-01 7.13228359e+01
9.86944565e-01 6.92532067e+01
9.99685977e-01 6.72411727e+01
1.01259188e+00 6.52852050e+01
1.02566440e+00 6.33838265e+01
1.03890568e+00 6.15356018e+01
1.05231791e+00 5.97391297e+01
1.06590329e+00 5.79930431e+01
1.07966406e+00 5.62960079e+01
1.09360248e+00 5.46467225e+01
1.10772084e+00 5.30439169e+01
1.12202147e+00 5.14863524e+01
1.13650672e+00 4.99728204e+01
1.15117897e+00 4.85021423e+01
1.16604064e+00 4.70731686e+01
1.18109418e+00 4.56847781e+01
1.19634205e+00 4.43358776e+01
1.21178678e+00 4.30254011e+01
1.22743090e+00 4.17523092e+01
1.24327698e+00 4.05155887e+01
1.25932763e+00 3.93142508e+01
1.27558550e+00 3.81473280e+01
1.29205325e+00 3.70138772e+01
1.30873361e+00 3.59129792e+01
1.32562930e+00 3.48437389e+01
1.34274312e+00 3.38052844e+01
1.36007788e+00 3.27967665e+01
1.37763642e+00 3.18173582e+01
1.39542165e+00 3.08662540e+01
1.41343649e+00 2.99426694e+01
1.43168389e+00 2.90458408e+01
1.45016687e+00 2.81750244e+01
1.46888846e+00 2.73294960e+01
1.48785175e+00 2.65085507e+01
1.50705986e+00 2.57115020e+01
1.52651594e+00 2.49376817e+01
1.54622319e+00 2.41864394e+01
1.56618487e+00 2.34571420e+01
1.58640425e+00 2.27491736e+01
1.60688466e+00 2.20619347e+01
1.62762947e+00 2.13948419e+01
1.64864210e+00 2.07473272e+01
1.66992600e+00 2.01188380e+01
1.69148468e+00 1.95088364e+01
1.71332167e+00 1.89167990e+01
1.73544058e+00 1.83422164e+01
1.75784505e+00 1.77845931e+01
1.78053875e+00 1.72434468e+01
1.80352543e+00 1.67183083e+01
1.82680887e+00 1.62087213e+01
1.85039290e+00 1.57142417e+01
1.87428139e+00 1.52344375e+01
1.89847828e+00 1.47688885e+01
1.92298756e+00 1.43171861e+01
1.94781325e+00 1.38789325e+01
1.97295943e+00 1.34537407e+01
1.99843026e+00 1.30412344e+01
2.02422991e+00 1.26410477e+01
2.05036263e+00 1.22528246e+01
2.07683273e+00 1.18762191e+01
2.10364455e+00 1.15108949e+01
2.13080251e+00 1.11565248e+01
2.15831108e+00 1.08127909e+01
2.18617479e+00 1.04793841e+01
2.21439821e+00 1.01560038e+01
2.24298600e+00 9.84235787e+00
2.27194285e+00 9.53816245e+00
2.30127354e+00 9.24314152e+00
2.33098288e+00 8.95702684e+00
2.36107577e+00 8.67955771e+00
2.39155716e+00 8.41048075e+00
2.42243206e+00 8.14954966e+00
2.45370556e+00 7.89652504e+00
2.48538280e+00 7.65117426e+00
2.51746898e+00 7.41327129e+00
2.54996940e+00 7.18259652e+00
2.58288940e+00 6.95893658e+00
2.61623439e+00 6.74208417e+00
2.65000987e+00 6.53183791e+00
2.68422138e+00 6.32800216e+00
2.71887457e+00 6.13038686e+00
2.75397512e+00 5.93880742e+00
2.78952883e+00 5.75308451e+00
2.82554153e+00 5.57304397e+00
2.86201915e+00 5.39851661e+00
2.89896770e+00 5.22933815e+00
2.93639325e+00 5.06534900e+00
2.97430196e+00 4.90639421e+00
3.01270007e+00 4.75232324e+00
3.05159390e+00 4.60298994e+00
3.09098985e+00 4.45825237e+00
3.13089440e+00 4.31797269e+00
3.17131411e+00 4.18201710e+00
3.21225565e+00 4.05025566e+00
3.25372573e+00 3.92256222e+00
3.29573119e+00 3.79881432e+00
3.33827894e+00 3.67889306e+00
3.38137598e+00 3.56268301e+00
3.42502941e+00 3.45007212e+00
3.46924639e+00 3.34095163e+00
3.51403422e+00 3.23521594e+00
3.55940025e+00 3.13276259e+00
3.60535196e+00 3.03349209e+00
3.65189690e+00 2.93730791e+00
3.69904273e+00 2.84411633e+00
3.74679722e+00 2.75382636e+00
3.79516821e+00 2.66634970e+00
3.84416367e+00 2.58160064e+00
3.89379167e+00 2.49949604e+00
3.94406035e+00 2.41995519e+00
3.99497800e+00 2.34289981e+00
4.04655300e+00 2.26825393e+00
4.09879383e+00 2.19594385e+00
4.15170909e+00 2.12589804e+00
4.20530748e+00 2.05804714e+00
4.25959782e+00 1.99232383e+00
4.31458905e+00 1.92866282e+00
4.37029021e+00 1.86700076e+00
4.42671047e+00 1.80727620e+00
4.48385912e+00 1.74942952e+00
4.54174555e+00 1.69340292e+00
4.60037929e+00 1.63914030e+00
4.65977000e+00 1.58658726e+00
4.71992743e+00 1.53569103e+00
4.78086149e+00 1.48640042e+00
4.84258221e+00 1.43866581e+00
4.90509975e+00 1.39243904e+00
4.96842438e+00 1.34767343e+00
5.03256653e+00 1.30432371e+00
5.09753675e+00 1.26234597e+00
5.16334573e+00 1.22169763e+00
5.23000431e+00 1.18233740e+00
5.29752344e+00 1.14422525e+00
5.36591425e+00 1.10732237e+00
5.43518797e+00 1.07159110e+00
5.50535602e+00 1.03699497e+00
5.57642994e+00 1.00349857e+00
5.64842141e+00 9.71067610e-01
5.72134229e+00 9.39668820e-01
5.79520458e+00 9.09269947e-01
5.87002043e+00 8.79839718e-01
5.94580214e+00 8.51347822e-01
6.02256220e+00 8.23764871e-01
6.10031322e+00 7.97062383e-01
6.17906801e+00 7.71212746e-01
6.25883952e+00 7.46189199e-01
6.33964087e+00 7.21965800e-01
6.42148537e+00 6.98517407e-01
6.50438647e+00 6.75819651e-01
6.58835783e+00 6.53848914e-01
6.67341325e+00 6.32582305e-01
6.75956673e+00 6.11997640e-01
6.84683246e+00 5.92073420e-01
6.93522477e+00 5.72788809e-01
7.02475823e+00 5.54123617e-01
7.11544757e+00 5.36058276e-01
7.20730769e+00 5.18573822e-01
7.30035373e+00 5.01651881e-01
7.39460099e+00 4.85274646e-01
7.49006498e+00 4.69424865e-01
7.58676140e+00 4.54085823e-01
7.68470617e+00 4.39241322e-01
7.78391540e+00 4.24875669e-01
7.88440542e+00 4.10973661e-01
7.98619277e+00 3.97520568e-01
8.08929418e+00 3.84502118e-01
8.19372662e+00 3.71904487e-01
8.29950729e+00 3.59714280e-01
8.40665358e+00 3.47918522e-01
8.51518312e+00 3.36504645e-01
8.62511378e+00 3.25460471e-01
8.73646363e+00 3.14774206e-01
8.84925101e+00 3.04434423e-01
8.96349447e+00 2.94430052e-01
9.07921280e+00 2.84750372e-01
9.19642506e+00 2.75384997e-01
9.31515052e+00 2.66323869e-01
9.43540872e+00 2.57557246e-01
9.55721945e+00 2.49075692e-01
9.68060275e+00 2.40870070e-01
9.80557892e+00 2.32931529e-01
9.93216853e+00 2.25251498e-01
1.00603924e+01 2.17821678e-01
1.01902716e+01 2.10634029e-01
1.03218276e+01 2.03680769e-01
1.04550820e+01 1.96954359e-01
1.05900567e+01 1.90447498e-01
1.07267738e+01 1.84153121e-01
1.08652560e+01 1.78064380e-01
1.10055260e+01 1.72174649e-01
1.11476069e+01 1.66477509e-01
1.12915220e+01 1.60966744e-01
1.14372951e+01 1.55636339e-01
1.15849501e+01 1.50480466e-01
1.17345113e+01 1.45493486e-01
1.18860034e+01 1.40669938e-01
1.20394512e+01 1.36004534e-01
1.21948800e+01 1.31492157e-01
1.23523154e+01 1.27127850e-01
1.25117832e+01 1.22906817e-01
1.26733098e+01 1.18824413e-01
1.28369217e+01 1.14876144e-01
1.30026459e+01 1.11057656e-01
1.31705095e+01 1.07364737e-01
1.33405402e+01 1.03793309e-01
1.35127660e+01 1.00339425e-01
1.36872152e+01 9.69992621e-02
1.38639166e+01 9.37691223e-02
1.40428992e+01 9.06454249e-02
1.42241924e+01 8.76247046e-02
1.44078261e+01 8.47036069e-02
1.45938306e+01 8.18788855e-02
1.47822363e+01 7.91473983e-02
1.49730744e+01 7.65061042e-02
1.51663761e+01 7.39520601e-02
1.53621734e+01 7.14824174e-02
1.55604984e+01 6.90944194e-02
1.57613838e+01 6.67853983e-02
1.59648626e+01 6.45527722e-02
1.61709683e+01 6.23940426e-02
1.63797348e+01 6.03067915e-02
1.65911965e+01 5.82886791e-02
1.68053881e+01 5.63374411e-02
1.70223450e+01 5.44508857e-02
1.72421027e+01 5.26268924e-02
1.74646976e+01 5.08634090e-02
1.76901661e+01 4.91584500e-02
1.79185454e+01 4.75100941e-02
1.81498730e+01 4.59164825e-02
1.83841871e+01 4.43758166e-02
1.86215262e+01 4.28863561e-02
1.88619293e+01 4.14464173e-02
1.91054360e+01 4.00543712e-02
1.93520864e+01 3.87086418e-02
1.96019210e+01 3.74077041e-02
1.98549810e+01 3.61500831e-02
2.01113080e+01 3.49343515e-02
2.03709441e+01 3.37591285e-02
2.06339322e+01 3.26230784e-02
2.09003153e+01 3.15249090e-02
2.11701375e+01 3.04633700e-02
2.14434431e+01 2.94372518e-02
2.17202771e+01 2.84453847e-02
2.20006849e+01 2.74866367e-02
2.22847128e+01 2.65599131e-02
2.25724075e+01 2.56641549e-02
2.28638164e+01 2.47983378e-02
2.31589873e+01 2.39614708e-02
2.34579688e+01 2.31525956e-02
2.37608102e+01 2.23707850e-02
2.40675613e+01 2.16151425e-02
2.43782725e+01 2.08848007e-02
2.46929949e+01 2.01789207e-02
2.50117805e+01 1.94966912e-02
2.53346815e+01 1.88373275e-02
2.56617512e+01 1.82000705e-02
2.59930433e+01 1.75841862e-02
2.63286124e+01 1.69889643e-02
2.66685137e+01 1.64137181e-02
2.70128031e+01 1.58577832e-02
2.73615372e+01 1.53205175e-02
2.77147735e+01 1.48012997e-02
2.80725701e+01 1.42995291e-02
2.84349857e+01 1.38146248e-02
2.88020802e+01 1.33460250e-02
2.91739139e+01 1.28931864e-02
2.95505479e+01 1.24555838e-02
2.99320442e+01 1.20327091e-02
3.03184656e+01 1.16240712e-02
3.07098757e+01 1.12291950e-02
3.11063389e+01 1.08476213e-02
3.15079204e+01 1.04789059e-02
3.19146864e+01 1.01226195e-02
3.23267036e+01 9.77834671e-03
3.27440400e+01 9.44568605e-03
3.31667642e+01 9.12424926e-03
3.35949457e+01 8.81366096e-03
3.40286550e+01 8.51355820e-03
3.44679635e+01 8.22359006e-03
3.49129435e+01 7.94341726e-03
3.53636681e+01 7.67271178e-03
3.58202116e+01 7.41115648e-03
3.62826490e+01 7.15844473e-03
3.67510565e+01 6.91428010e-03
3.72255111e+01 6.67837600e-03
3.77060909e+01 6.45045537e-03
3.81928749e+01 6.23025033e-03
3.86859433e+01 6.01750195e-03
3.91853772e+01 5.81195988e-03
3.96912588e+01 5.61338208e-03
4.02036712e+01 5.42153442e-03
4.07226989e+01 5.23619052e-03
4.12484273e+01 5.05713154e-03
4.17809427e+01 4.88414597e-03
4.23203329e+01 4.71702936e-03
4.28666866e+01 4.55558410e-03
4.34200938e+01 4.39961918e-03
4.39806453e+01 4.24895000e-03
4.45484336e+01 4.10339810e-03
4.51235520e+01 3.96279102e-03
4.57060952e+01 3.82696206e-03
4.62961589e+01 3.69575011e-03
4.68938404e+01 3.56899943e-03
4.74992379e+01 3.44655953e-03
4.81124511e+01 3.32828493e-03
4.87335808e+01 3.21403504e-03
4.93627292e+01 3.10367401e-03
5.00000000e+01 2.99707070e-03
