# CAMB linear transfer function at z=0, normalised to T->1 as k->0
# Om=0.31 Ob=0.048 h=0.676 ns=0.965, no massive neutrinos
# k [h/Mpc]    T(k)
1.00000000e-04 1.00000000e+00
1.01240430e-04 9.99996862e-01
1.02496246e-04 9.99993650e-01
1.03767640e-04 9.99990362e-01
1.05054804e-04 9.99986995e-01
1.06357935e-04 9.99983546e-01
1.07677231e-04 9.99980012e-01
1.09012891e-04 9.99976389e-01
1.10365119e-04 9.99972674e-01
1.11734121e-04 9.99968865e-01
1.13120104e-04 9.99964957e-01
1.14523280e-04 9.99960950e-01
1.15943860e-04 9.99956840e-01
1.17382063e-04 9.99952627e-01
1.18838105e-04 9.99948310e-01
1.20312208e-04 9.99943885e-01
1.21804596e-04 9.99939353e-01
1.23315496e-04 9.99934711e-01
1.24845138e-04 9.99929959e-01
1.26393755e-04 9.99925093e-01
1.27961580e-04 9.99920109e-01
1.29548854e-04 9.99915004e-01
1.31155816e-04 9.99909774e-01
1.32782712e-04 9.99904414e-01
1.34429788e-04 9.99898921e-01
1.36097295e-04 9.99893291e-01
1.37785486e-04 9.99887519e-01
1.39494618e-04 9.99881602e-01
1.41224951e-04 9.99875537e-01
1.42976747e-04 9.99869321e-01
1.44750273e-04 9.99862951e-01
1.46545798e-04 9.99856424e-01
1.48363596e-04 9.99849736e-01
1.50203942e-04 9.99842885e-01
1.52067116e-04 9.99835868e-01
1.53953402e-04 9.99828680e-01
1.55863086e-04 9.99821318e-01
1.57796458e-04 9.99813776e-01
1.59753812e-04 9.99806049e-01
1.61735445e-04 9.99798134e-01
1.63741660e-04 9.99790024e-01
1.65772760e-04 9.99781716e-01
1.67829055e-04 9.99773204e-01
1.69910856e-04 9.99764484e-01
1.72018481e-04 9.99755549e-01
1.74152249e-04 9.99746395e-01
1.76312485e-04 9.99737015e-01
1.78499518e-04 9.99727404e-01
1.80713679e-04 9.99717556e-01
1.82955305e-04 9.99707466e-01
1.85224737e-04 9.99697128e-01
1.87522319e-04 9.99686537e-01
1.89848402e-04 9.99675685e-01
1.92203338e-04 9.99664568e-01
1.94587485e-04 9.99653180e-01
1.97001206e-04 9.99641514e-01
1.99444867e-04 9.99629565e-01
2.01918841e-04 9.99617327e-01
2.04423502e-04 9.99604793e-01
2.06959232e-04 9.99591958e-01
2.09526415e-04 9.99578812e-01
2.12125443e-04 9.99565347e-01
2.14756710e-04 9.99551554e-01
2.17420616e-04 9.99537424e-01
2.20117566e-04 9.99522948e-01
2.22847970e-04 9.99508118e-01
2.25612242e-04 9.99492925e-01
2.28410803e-04 9.99477359e-01
2.31244079e-04 9.99461414e-01
2.34112499e-04 9.99445079e-01
2.37016500e-04 9.99428348e-01
2.39956523e-04 9.99411213e-01
2.42933015e-04 9.99393663e-01
2.45946428e-04 9.99375693e-01
2.48997221e-04 9.99357292e-01
2.52085856e-04 9.99338453e-01
2.55212804e-04 9.99319165e-01
2.58378539e-04 9.99299416e-01
2.61583543e-04 9.99279196e-01
2.64828303e-04 9.99258493e-01
2.68113312e-04 9.99237296e-01
2.71439069e-04 9.99215594e-01
2.74806080e-04 9.99193376e-01
2.78214856e-04 9.99170630e-01
2.81665916e-04 9.99147342e-01
2.85159783e-04 9.99123500e-01
2.88696990e-04 9.99099089e-01
2.92278073e-04 9.99074095e-01
2.95903577e-04 9.99048504e-01
2.99574053e-04 9.99022303e-01
3.03290059e-04 9.98995478e-01
3.07052158e-04 9.98968015e-01
3.10860925e-04 9.98939899e-01
3.14716936e-04 9.98911117e-01
3.18620778e-04 9.98881653e-01
3.22573045e-04 9.98851493e-01
3.26574337e-04 9.98820622e-01
3.30625262e-04 9.98789026e-01
3.34726435e-04 9.98756691e-01
3.38878482e-04 9.98723601e-01
3.43082031e-04 9.98689739e-01
3.47337722e-04 9.98655087e-01
3.51646202e-04 9.98619627e-01
3.56008126e-04 9.98583342e-01
3.60424157e-04 9.98546213e-01
3.64894965e-04 9.98508222e-01
3.69421230e-04 9.98469351e-01
3.74003641e-04 9.98429582e-01
3.78642893e-04 9.98388895e-01
3.83339692e-04 9.98347271e-01
3.88094751e-04 9.98304688e-01
3.92908794e-04 9.98261126e-01
3.97782551e-04 9.98216566e-01
4.02716764e-04 9.98170986e-01
4.07712182e-04 9.98124368e-01
4.12769565e-04 9.98076689e-01
4.17889681e-04 9.98027928e-01
4.23073309e-04 9.97978060e-01
4.28321236e-04 9.97927063e-01
4.33634260e-04 9.97874911e-01
4.39013188e-04 9.97821583e-01
4.44458838e-04 9.97767054e-01
4.49972037e-04 9.97711300e-01
4.55553624e-04 9.97654298e-01
4.61204446e-04 9.97596023e-01
4.66925363e-04 9.97536448e-01
4.72717244e-04 9.97475548e-01
4.78580969e-04 9.97413297e-01
4.84517429e-04 9.97349669e-01
4.90527527e-04 9.97284638e-01
4.96612176e-04 9.97218178e-01
5.02772301e-04 9.97150263e-01
5.09008838e-04 9.97080865e-01
5.15322735e-04 9.97009953e-01
5.21714951e-04 9.96937496e-01
5.28186458e-04 9.96863465e-01
5.34738240e-04 9.96787830e-01
5.41371292e-04 9.96710560e-01
5.48086622e-04 9.96631625e-01
5.54885251e-04 9.96550994e-01
5.61768212e-04 9.96468637e-01
5.68736552e-04 9.96384521e-01
5.75791329e-04 9.96298613e-01
5.82933616e-04 9.96210881e-01
5.90164497e-04 9.96121292e-01
5.97485073e-04 9.96029813e-01
6.04896455e-04 9.95936414e-01
6.12399770e-04 9.95841060e-01
6.19996159e-04 9.95743718e-01
6.27686775e-04 9.95644349e-01
6.35472788e-04 9.95542917e-01
6.43355381e-04 9.95439386e-01
6.51335752e-04 9.95333719e-01
6.59415114e-04 9.95225879e-01
6.67594695e-04 9.95115830e-01
6.75875738e-04 9.95003534e-01
6.84259501e-04 9.94888954e-01
6.92747259e-04 9.94772050e-01
7.01340302e-04 9.94652783e-01
7.10039935e-04 9.94531114e-01
7.18847481e-04 9.94407004e-01
7.27764279e-04 9.94280414e-01
7.36791683e-04 9.94151304e-01
7.45931066e-04 9.94019636e-01
7.55183816e-04 9.93885367e-01
7.64551340e-04 9.93748453e-01
7.74035062e-04 9.93608850e-01
7.83636423e-04 9.93466511e-01
7.93356882e-04 9.93321395e-01
8.03197916e-04 9.93173455e-01
8.13161021e-04 9.93022647e-01
8.23247712e-04 9.92868927e-01
8.33459521e-04 9.92712249e-01
8.43798000e-04 9.92552564e-01
8.54264721e-04 9.92389824e-01
8.64861274e-04 9.92223980e-01
8.75589270e-04 9.92054984e-01
8.86450339e-04 9.91882787e-01
8.97446133e-04 9.91707342e-01
9.08578321e-04 9.91528601e-01
9.19848596e-04 9.91346512e-01
9.31258671e-04 9.91161022e-01
9.42810280e-04 9.90972077e-01
9.54505179e-04 9.90779624e-01
9.66345144e-04 9.90583609e-01
9.78331976e-04 9.90383980e-01
9.90467496e-04 9.90180683e-01
1.00275355e-03 9.89973664e-01
1.01519200e-03 9.89762866e-01
1.02778474e-03 9.89548228e-01
1.04053369e-03 9.89329687e-01
1.05344078e-03 9.89107182e-01
1.06650797e-03 9.88880652e-01
1.07973725e-03 9.88650035e-01
1.09313064e-03 9.88415269e-01
1.10669015e-03 9.88176293e-01
1.12041787e-03 9.87933043e-01
1.13431586e-03 9.87685451e-01
1.14838625e-03 9.87433449e-01
1.16263118e-03 9.87176969e-01
1.17705280e-03 9.86915944e-01
1.19165331e-03 9.86650307e-01
1.20643493e-03 9.86379989e-01
1.22139991e-03 9.86104924e-01
1.23655052e-03 9.85825042e-01
1.25188906e-03 9.85540268e-01
1.26741786e-03 9.85250529e-01
1.28313929e-03 9.84955750e-01
1.29905573e-03 9.84655859e-01
1.31516960e-03 9.84350781e-01
1.33148335e-03 9.84040443e-01
1.34799947e-03 9.83724772e-01
1.36472045e-03 9.83403691e-01
1.38164885e-03 9.83077117e-01
1.39878723e-03 9.82744968e-01
1.41613821e-03 9.82407161e-01
1.43370441e-03 9.82063613e-01
1.45148850e-03 9.81714243e-01
1.46949319e-03 9.81358969e-01
1.48772122e-03 9.80997709e-01
1.50617536e-03 9.80630378e-01
1.52485841e-03 9.80256889e-01
1.54377320e-03 9.79877153e-01
1.56292262e-03 9.79491080e-01
1.58230958e-03 9.79098583e-01
1.60193702e-03 9.78699575e-01
1.62180792e-03 9.78293966e-01
1.64192531e-03 9.77881671e-01
1.66229224e-03 9.77462597e-01
1.68291180e-03 9.77036647e-01
1.70378714e-03 9.76603723e-01
1.72492142e-03 9.76163727e-01
1.74631786e-03 9.75716560e-01
1.76797970e-03 9.75262125e-01
1.78991025e-03 9.74800326e-01
1.81211283e-03 9.74331066e-01
1.83459081e-03 9.73854245e-01
1.85734762e-03 9.73369759e-01
1.88038671e-03 9.72877505e-01
1.90371159e-03 9.72377377e-01
1.92732579e-03 9.71869271e-01
1.95123291e-03 9.71353086e-01
1.97543658e-03 9.70828717e-01
1.99994049e-03 9.70296063e-01
2.02474834e-03 9.69755018e-01
2.04986392e-03 9.69205471e-01
2.07529104e-03 9.68647311e-01
2.10103357e-03 9.68080424e-01
2.12709541e-03 9.67504702e-01
2.15348053e-03 9.66920033e-01
2.18019295e-03 9.66326307e-01
2.20723671e-03 9.65723415e-01
2.23461593e-03 9.65111246e-01
2.26233477e-03 9.64489681e-01
2.29039744e-03 9.63858602e-01
2.31880821e-03 9.63217890e-01
2.34757139e-03 9.62567428e-01
2.37669137e-03 9.61907100e-01
2.40617255e-03 9.61236788e-01
2.43601943e-03 9.60556378e-01
2.46623654e-03 9.59865752e-01
2.49682847e-03 9.59164787e-01
2.52779987e-03 9.58453361e-01
2.55915545e-03 9.57731350e-01
2.59089997e-03 9.56998632e-01
2.62303826e-03 9.56255086e-01
2.65557521e-03 9.55500592e-01
2.68851575e-03 9.54735030e-01
2.72186490e-03 9.53958279e-01
2.75562772e-03 9.53170212e-01
2.78980935e-03 9.52370699e-01
2.82441497e-03 9.51559612e-01
2.85944985e-03 9.50736825e-01
2.89491931e-03 9.49902210e-01
2.93082875e-03 9.49055644e-01
2.96718362e-03 9.48197002e-01
3.00398945e-03 9.47326159e-01
3.04125183e-03 9.46442983e-01
3.07897642e-03 9.45547344e-01
3.11716895e-03 9.44639109e-01
3.15583524e-03 9.43718149e-01
3.19498116e-03 9.42784336e-01
3.23461266e-03 9.41837542e-01
3.27473575e-03 9.40877641e-01
3.31535655e-03 9.39904505e-01
3.35648121e-03 9.38917998e-01
3.39811600e-03 9.37917982e-01
3.44026724e-03 9.36904318e-01
3.48294134e-03 9.35876873e-01
3.52614477e-03 9.34835510e-01
3.56988412e-03 9.33780098e-01
3.61416602e-03 9.32710505e-01
3.65899721e-03 9.31626599e-01
3.70438450e-03 9.30528241e-01
3.75033478e-03 9.29415289e-01
3.79685505e-03 9.28287606e-01
3.84395237e-03 9.27145054e-01
3.89163389e-03 9.25987496e-01
3.93990688e-03 9.24814798e-01
3.98877865e-03 9.23626829e-01
4.03825664e-03 9.22423455e-01
4.08834838e-03 9.21204533e-01
4.13906147e-03 9.19969917e-01
4.19040361e-03 9.18719463e-01
4.24238262e-03 9.17453029e-01
4.29500640e-03 9.16170475e-01
4.34828293e-03 9.14871664e-01
4.40222032e-03 9.13556458e-01
4.45682677e-03 9.12224724e-01
4.51211057e-03 9.10876317e-01
4.56808013e-03 9.09511092e-01
4.62474395e-03 9.08128907e-01
4.68211065e-03 9.06729620e-01
4.74018894e-03 9.05313093e-01
4.79898765e-03 9.03879191e-01
4.85851572e-03 9.02427779e-01
4.91878219e-03 9.00958725e-01
4.97979622e-03 8.99471889e-01
5.04156710e-03 8.97967125e-01
5.10410419e-03 8.96444294e-01
5.16741701e-03 8.94903257e-01
5.23151519e-03 8.93343878e-01
5.29640846e-03 8.91766025e-01
5.36210668e-03 8.90169568e-01
5.42861984e-03 8.88554378e-01
5.49595805e-03 8.86920312e-01
5.56413155e-03 8.85267222e-01
5.63315069e-03 8.83594963e-01
5.70302596e-03 8.81903393e-01
5.77376799e-03 8.80192375e-01
5.84538752e-03 8.78461772e-01
5.91789544e-03 8.76711452e-01
5.99130277e-03 8.74941287e-01
6.06562067e-03 8.73151132e-01
6.14086043e-03 8.71340838e-01
6.21703349e-03 8.69510262e-01
6.29415142e-03 8.67659262e-01
6.37222594e-03 8.65787699e-01
6.45126892e-03 8.63895441e-01
6.53129237e-03 8.61982359e-01
6.61230846e-03 8.60048323e-01
6.69432950e-03 8.58093195e-01
6.77736795e-03 8.56116826e-01
6.86143643e-03 8.54119072e-01
6.94654773e-03 8.52099795e-01
7.03271477e-03 8.50058859e-01
7.11995065e-03 8.47996134e-01
7.20826863e-03 8.45911495e-01
7.29768214e-03 8.43804820e-01
7.38820475e-03 8.41675968e-01
7.47985024e-03 8.39524788e-01
7.57263252e-03 8.37351133e-01
7.66656570e-03 8.35154863e-01
7.76166406e-03 8.32935842e-01
7.85794204e-03 8.30693940e-01
7.95541429e-03 8.28429031e-01
8.05409561e-03 8.26140996e-01
8.15400100e-03 8.23829696e-01
8.25514565e-03 8.21494982e-01
8.35754493e-03 8.19136710e-01
8.46121440e-03 8.16754741e-01
8.56616981e-03 8.14348946e-01
8.67242712e-03 8.11919198e-01
8.78000248e-03 8.09465379e-01
8.88891224e-03 8.06987375e-01
8.99917295e-03 8.04485054e-01
9.11080136e-03 8.01958265e-01
9.22381444e-03 7.99406864e-01
9.33822938e-03 7.96830716e-01
9.45406355e-03 7.94229692e-01
9.57133456e-03 7.91603670e-01
9.69006023e-03 7.88952539e-01
9.81025861e-03 7.86276190e-01
9.93194797e-03 7.83574494e-01
1.00551468e-02 7.80847296e-01
1.01798738e-02 7.78094452e-01
1.03061480e-02 7.75315823e-01
1.04339885e-02 7.72511283e-01
1.05634148e-02 7.69680713e-01
1.06944466e-02 7.66824003e-01
1.08271036e-02 7.63941052e-01
1.09614062e-02 7.61031742e-01
1.10973748e-02 7.58095932e-01
1.12350299e-02 7.55133494e-01
1.13743926e-02 7.52144306e-01
1.15154839e-02 7.49128260e-01
1.16583254e-02 7.46085258e-01
1.18029387e-02 7.43015213e-01
1.19493459e-02 7.39918046e-01
1.20975691e-02 7.36793658e-01
1.22476309e-02 7.33641917e-01
1.23995542e-02 7.30462702e-01
1.25533619e-02 7.27255904e-01
1.27090776e-02 7.24021428e-01
1.28667247e-02 7.20759191e-01
1.30263274e-02 7.17469122e-01
1.31879098e-02 7.14151165e-01
1.33514966e-02 7.10805248e-01
1.35171125e-02 7.07431274e-01
1.36847828e-02 7.04029159e-01
1.38545329e-02 7.00598833e-01
1.40263886e-02 6.97140242e-01
1.42003761e-02 6.93653346e-01
1.43765218e-02 6.90138120e-01
1.45548525e-02 6.86594554e-01
1.47353952e-02 6.83022627e-01
1.49181774e-02 6.79422295e-01
1.51032269e-02 6.75793524e-01
1.52905718e-02 6.72136300e-01
1.54802406e-02 6.68450624e-01
1.56722621e-02 6.64736517e-01
1.58666655e-02 6.60994014e-01
1.60634803e-02 6.57223168e-01
1.62627365e-02 6.53424034e-01
1.64644643e-02 6.49596656e-01
1.66686944e-02 6.45741093e-01
1.68754578e-02 6.41857423e-01
1.70847860e-02 6.37945742e-01
1.72967108e-02 6.34006165e-01
1.75112643e-02 6.30038828e-01
1.77284792e-02 6.26043882e-01
1.79483885e-02 6.22021495e-01
1.81710257e-02 6.17971848e-01
1.83964245e-02 6.13895139e-01
1.86246192e-02 6.09791585e-01
1.88556445e-02 6.05661424e-01
1.90895355e-02 6.01504909e-01
1.93263278e-02 5.97322316e-01
1.95660573e-02 5.93113938e-01
1.98087605e-02 5.88880102e-01
2.00544742e-02 5.84621184e-01
2.03032359e-02 5.80337583e-01
2.05550832e-02 5.76029715e-01
2.08100546e-02 5.71698011e-01
2.10681887e-02 5.67342922e-01
2.13295247e-02 5.62964912e-01
2.15941025e-02 5.58564463e-01
2.18619622e-02 5.54142114e-01
2.21331444e-02 5.49698512e-01
2.24076905e-02 5.45234332e-01
2.26856422e-02 5.40750259e-01
2.29670416e-02 5.36246987e-01
2.32519316e-02 5.31725222e-01
2.35403555e-02 5.27185679e-01
2.38323570e-02 5.22629083e-01
2.41279807e-02 5.18056237e-01
2.44272713e-02 5.13468135e-01
2.47302744e-02 5.08865806e-01
2.50370361e-02 5.04250275e-01
2.53476029e-02 4.99622565e-01
2.56620221e-02 4.94983696e-01
2.59803414e-02 4.90334683e-01
2.63026093e-02 4.85676541e-01
2.66288747e-02 4.81010373e-01
2.69591871e-02 4.76337569e-01
2.72935969e-02 4.71659559e-01
2.76321548e-02 4.66977747e-01
2.79749122e-02 4.62293516e-01
2.83219213e-02 4.57608225e-01
2.86732349e-02 4.52923208e-01
2.90289062e-02 4.48239775e-01
2.93889893e-02 4.43559336e-01
2.97535391e-02 4.38883706e-01
3.01226108e-02 4.34214748e-01
3.04962606e-02 4.29554273e-01
3.08745453e-02 4.24904038e-01
3.12575223e-02 4.20265746e-01
3.16452499e-02 4.15641048e-01
3.20377870e-02 4.11031543e-01
3.24351932e-02 4.06438885e-01
3.28375290e-02 4.01865115e-01
3.32448554e-02 3.97312309e-01
3.36572345e-02 3.92782459e-01
3.40747288e-02 3.88277477e-01
3.44974019e-02 3.83799198e-01
3.49253179e-02 3.79349374e-01
3.53585419e-02 3.74929683e-01
3.57971397e-02 3.70541867e-01
3.62411781e-02 3.66188228e-01
3.66907244e-02 3.61871144e-01
3.71458470e-02 3.57592871e-01
3.76066152e-02 3.53355555e-01
3.80730988e-02 3.49161227e-01
3.85453688e-02 3.45011810e-01
3.90234970e-02 3.40909122e-01
3.95075560e-02 3.36854790e-01
3.99976195e-02 3.32849902e-01
4.04937618e-02 3.28895334e-01
4.09960585e-02 3.24991897e-01
4.15045858e-02 3.21140341e-01
4.20194210e-02 3.17341358e-01
4.25406423e-02 3.13595584e-01
4.30683291e-02 3.09903600e-01
4.36025614e-02 3.06266139e-01
4.41434205e-02 3.02685088e-01
4.46909886e-02 2.99162659e-01
4.52453489e-02 2.95700937e-01
4.58065857e-02 2.92301881e-01
4.63747841e-02 2.88967336e-01
4.69500307e-02 2.85699033e-01
4.75324128e-02 2.82498597e-01
4.81220190e-02 2.79366366e-01
4.87189388e-02 2.76299503e-01
4.93232630e-02 2.73294761e-01
4.99350834e-02 2.70349010e-01
5.05544930e-02 2.67459229e-01
5.11815859e-02 2.64622505e-01
5.18164575e-02 2.61836027e-01
5.24592042e-02 2.59097364e-01
5.31099238e-02 2.56405042e-01
5.37687150e-02 2.53757803e-01
5.44356781e-02 2.51154423e-01
5.51109144e-02 2.48593713e-01
5.57945266e-02 2.46074515e-01
5.64866185e-02 2.43595579e-01
5.71872952e-02 2.41153750e-01
5.78966634e-02 2.38744450e-01
5.86148308e-02 2.36363231e-01
5.93419066e-02 2.34005809e-01
6.00780012e-02 2.31668062e-01
6.08232266e-02 2.29346017e-01
6.15776959e-02 2.27035719e-01
6.23415239e-02 2.24733261e-01
6.31148267e-02 2.22434893e-01
6.38977218e-02 2.20137027e-01
6.46903281e-02 2.17836231e-01
6.54927661e-02 2.15529125e-01
6.63051578e-02 2.13212028e-01
6.71276267e-02 2.10881323e-01
6.79602977e-02 2.08533585e-01
6.88032974e-02 2.06165585e-01
6.96567539e-02 2.03774381e-01
7.05207970e-02 2.01357979e-01
7.13955579e-02 1.98914939e-01
7.22811696e-02 1.96443974e-01
7.31777666e-02 1.93943947e-01
7.40854854e-02 1.91414061e-01
7.50044637e-02 1.88854932e-01
7.59348414e-02 1.86267769e-01
7.68767597e-02 1.83653831e-01
7.78303618e-02 1.81014426e-01
7.87957927e-02 1.78351601e-01
7.97731991e-02 1.75668985e-01
8.07627296e-02 1.72970324e-01
8.17645344e-02 1.70259247e-01
8.27787660e-02 1.67539445e-01
8.38055784e-02 1.64815820e-01
8.48451277e-02 1.62093630e-01
8.58975718e-02 1.59377867e-01
8.69630708e-02 1.56673361e-01
8.80417865e-02 1.53986006e-01
8.91338830e-02 1.51322237e-01
9.02395261e-02 1.48688082e-01
9.13588840e-02 1.46089298e-01
9.24921267e-02 1.43532753e-01
9.36394265e-02 1.41025729e-01
9.48009578e-02 1.38574975e-01
9.59768970e-02 1.36186725e-01
9.71674229e-02 1.33866698e-01
9.83727165e-02 1.31620052e-01
9.95929608e-02 1.29451517e-01
1.00828341e-01 1.27365454e-01
1.02079046e-01 1.25365684e-01
1.03345265e-01 1.23452963e-01
1.04627190e-01 1.21626036e-01
1.05925017e-01 1.19883668e-01
1.07238942e-01 1.18224583e-01
1.08569166e-01 1.16644822e-01
1.09915890e-01 1.15137618e-01
1.11279320e-01 1.13696401e-01
1.12659661e-01 1.12314860e-01
1.14057125e-01 1.10985270e-01
1.15471924e-01 1.09698527e-01
1.16904272e-01 1.08445856e-01
1.18354387e-01 1.07218774e-01
1.19822490e-01 1.06008208e-01
1.21308804e-01 1.04804927e-01
1.22813554e-01 1.03600110e-01
1.24336970e-01 1.02385362e-01
1.25879282e-01 1.01152757e-01
1.27440726e-01 9.98948045e-02
1.29021539e-01 9.86045780e-02
1.30621960e-01 9.72773113e-02
1.32242234e-01 9.59098173e-02
1.33882606e-01 9.44992921e-02
1.35543326e-01 9.30451345e-02
1.37224645e-01 9.15499997e-02
1.38926820e-01 9.00168650e-02
1.40650110e-01 8.84498567e-02
1.42394776e-01 8.68561358e-02
1.44161083e-01 8.52430734e-02
1.45949300e-01 8.36184577e-02
1.47759698e-01 8.19922882e-02
1.49592553e-01 8.03744500e-02
1.51448144e-01 7.87748852e-02
1.53326751e-01 7.72050432e-02
1.55228662e-01 7.56758739e-02
1.57154164e-01 7.41974429e-02
1.59103551e-01 7.27790093e-02
1.61077119e-01 7.14289679e-02
1.63075167e-01 7.01523800e-02
1.65098000e-01 6.89512158e-02
1.67145925e-01 6.78264590e-02
1.69219252e-01 6.67741056e-02
1.71318298e-01 6.57883751e-02
1.73443381e-01 6.48622459e-02
1.75594824e-01 6.39859754e-02
1.77772955e-01 6.31498165e-02
1.79978103e-01 6.23429440e-02
1.82210605e-01 6.15542424e-02
1.84470799e-01 6.07726284e-02
1.86759030e-01 5.99867583e-02
1.89075644e-01 5.91860390e-02
1.91420995e-01 5.83615107e-02
1.93795438e-01 5.75053611e-02
1.96199334e-01 5.66135980e-02
1.98633049e-01 5.56847720e-02
2.01096952e-01 5.47207642e-02
2.03591418e-01 5.37269578e-02
2.06116827e-01 5.27103570e-02
2.08673561e-01 5.16804687e-02
2.11262010e-01 5.06472483e-02
2.13882566e-01 4.96217593e-02
2.16535629e-01 4.86147131e-02
2.19221601e-01 4.76366051e-02
2.21940891e-01 4.66966985e-02
2.24693912e-01 4.58021094e-02
2.27481082e-01 4.49578693e-02
2.30302825e-01 4.41653999e-02
2.33159569e-01 4.34238313e-02
2.36051750e-01 4.27289776e-02
2.38979806e-01 4.20747137e-02
2.41944182e-01 4.14526658e-02
2.44945330e-01 4.08529487e-02
2.47983704e-01 4.02645727e-02
2.51059768e-01 3.96765583e-02
2.54173988e-01 3.90788918e-02
2.57326837e-01 3.84644986e-02
2.60518796e-01 3.78293950e-02
2.63750348e-01 3.71735243e-02
2.67021986e-01 3.64997266e-02
2.70334206e-01 3.58128787e-02
2.73687512e-01 3.51192777e-02
2.77082413e-01 3.44261186e-02
2.80519425e-01 3.37414200e-02
2.83999071e-01 3.30736860e-02
2.87521880e-01 3.24306693e-02
2.91088387e-01 3.18181985e-02
2.94699134e-01 3.12386323e-02
2.98354669e-01 3.06911445e-02
3.02055549e-01 3.01718815e-02
3.05802336e-01 2.96753377e-02
3.09595599e-01 2.91951518e-02
3.13435915e-01 2.87245377e-02
3.17323867e-01 2.82565896e-02
3.21260046e-01 2.77852099e-02
3.25245051e-01 2.73060942e-02
3.29279487e-01 2.68178293e-02
3.33363968e-01 2.63221117e-02
3.37499113e-01 2.58228181e-02
3.41685553e-01 2.53249691e-02
3.45923922e-01 2.48337972e-02
3.50214865e-01 2.43542528e-02
3.54559034e-01 2.38904901e-02
3.58957089e-01 2.34451672e-02
3.63409699e-01 2.30188087e-02
3.67917541e-01 2.26096416e-02
3.72481300e-01 2.22142637e-02
3.77101668e-01 2.18286636e-02
3.81779349e-01 2.14488348e-02
3.86515054e-01 2.10711115e-02
3.91309501e-01 2.06926869e-02
3.96163420e-01 2.03124614e-02
4.01077549e-01 1.99315892e-02
4.06052634e-01 1.95528569e-02
4.11089431e-01 1.91792276e-02
4.16188707e-01 1.88130537e-02
4.21351235e-01 1.84563131e-02
4.26577801e-01 1.81106514e-02
4.31869198e-01 1.77764295e-02
4.37226232e-01 1.74520442e-02
4.42649716e-01 1.71348916e-02
4.48140475e-01 1.68228965e-02
4.53699342e-01 1.65147024e-02
4.59327163e-01 1.62089862e-02
4.65024794e-01 1.59049190e-02
4.70793100e-01 1.56032580e-02
4.76632957e-01 1.53059294e-02
4.82545254e-01 1.50144129e-02
4.88530888e-01 1.47292916e-02
4.94590770e-01 1.44510457e-02
5.00725821e-01 1.41799273e-02
5.06936973e-01 1.39151219e-02
5.13225169e-01 1.36551425e-02
5.19591367e-01 1.33990338e-02
5.26036532e-01 1.31464552e-02
5.32561646e-01 1.28970559e-02
5.39167698e-01 1.26508877e-02
5.45855695e-01 1.24088288e-02
5.52626651e-01 1.21716300e-02
5.59481596e-01 1.19392940e-02
5.66421571e-01 1.17118226e-02
5.73447633e-01 1.14892149e-02
5.80560847e-01 1.12707743e-02
5.87762296e-01 1.10558443e-02
5.95053074e-01 1.08444351e-02
6.02434289e-01 1.06364330e-02
6.09907063e-01 1.04317270e-02
6.17472531e-01 1.02308222e-02
6.25131844e-01 1.00339128e-02
6.32886165e-01 9.84083127e-03
6.40736673e-01 9.65143512e-03
6.48684561e-01 9.46556263e-03
6.56731037e-01 9.28306502e-03
6.64877323e-01 9.10385435e-03
6.73124659e-01 8.92788030e-03
6.81474297e-01 8.75509361e-03
6.89927507e-01 8.58544550e-03
6.98485572e-01 8.41888762e-03
7.07149794e-01 8.25537210e-03
7.15921490e-01 8.09485152e-03
7.24801993e-01 7.93727893e-03
7.33792652e-01 7.78260786e-03
7.42894834e-01 7.63079231e-03
7.52109922e-01 7.48178676e-03
7.61439317e-01 7.33554618e-03
7.70884436e-01 7.19202603e-03
7.80446716e-01 7.05118225e-03
7.90127608e-01 6.91297128e-03
7.99928586e-01 6.77735004e-03
8.09851137e-01 6.64427595e-03
8.19896771e-01 6.51370607e-03
8.30067014e-01 6.38559576e-03
8.40363412e-01 6.25990079e-03
8.50787529e-01 6.13657769e-03
8.61340950e-01 6.01558371e-03
8.72025279e-01 5.89687685e-03
8.82842139e-01 5.78041583e-03
8.93793175e-01 5.66616007e-03
9.04880051e-01 5.55406968e-03
9.16104452e-01 5.44410549e-03
9.27468083e-01 5.33622896e-03
9.38972673e-01 5.23040225e-03
9.50619969e-01 5.12658814e-03
9.62411741e-01 5.02475007e-03
9.74349782e-01 4.92485212e-03
9.86435906e-01 4.82685898e-03
9.98671950e-01 4.73073594e-03
1.01105977e+00 4.63644894e-03
1.02360126e+00 4.54396478e-03
1.03629831e+00 4.45325113e-03
1.04915286e+00 4.36427620e-03
1.06216687e+00 4.27700868e-03
1.07534230e+00 4.19141780e-03
1.08868117e+00 4.10747329e-03
1.10218549e+00 4.02514536e-03
1.11585733e+00 3.94440472e-03
1.12969875e+00 3.86522256e-03
1.14371187e+00 3.78757055e-03
1.15789881e+00 3.71142082e-03
1.17226173e+00 3.63674597e-03
1.18680282e+00 3.56351904e-03
1.20152427e+00 3.49171355e-03
1.21642833e+00 3.42130342e-03
1.23151727e+00 3.35226305e-03
1.24679338e+00 3.28456725e-03
1.26225897e+00 3.21819121e-03
1.27791641e+00 3.15311046e-03
1.29376806e+00 3.08930090e-03
1.30981634e+00 3.02673885e-03
1.32606370e+00 2.96540103e-03
1.34251258e+00 2.90526459e-03
1.35916551e+00 2.84630706e-03
1.37602500e+00 2.78850638e-03
1.39309362e+00 2.73184087e-03
1.41037397e+00 2.67628923e-03
1.42786867e+00 2.62183053e-03
1.44558037e+00 2.56844422e-03
1.46351178e+00 2.51611011e-03
1.48166562e+00 2.46480836e-03
1.50004464e+00 2.41451949e-03
1.51865164e+00 2.36522435e-03
1.53748944e+00 2.31690417e-03
1.55656092e+00 2.26954046e-03
1.57586896e+00 2.22311510e-03
1.59541651e+00 2.17761030e-03
1.61520653e+00 2.13300856e-03
1.63524203e+00 2.08929272e-03
1.65552606e+00 2.04644593e-03
1.67606169e+00 2.00445160e-03
1.69685206e+00 1.96329350e-03
1.71790032e+00 1.92295563e-03
1.73920966e+00 1.88342233e-03
1.76078333e+00 1.84467820e-03
1.78262461e+00 1.80670811e-03
1.80473682e+00 1.76949721e-03
1.82712331e+00 1.73303093e-03
1.84978749e+00 1.69729495e-03
1.87273280e+00 1.66227522e-03
1.89596274e+00 1.62795794e-03
1.91948082e+00 1.59432956e-03
1.94329063e+00 1.56137679e-03
1.96739578e+00 1.52908655e-03
1.99179995e+00 1.49744602e-03
2.01650682e+00 1.46644259e-03
2.04152017e+00 1.43606390e-03
2.06684379e+00 1.40629780e-03
2.09248154e+00 1.37713240e-03
2.11843730e+00 1.34855600e-03
2.14471503e+00 1.32055711e-03
2.17131871e+00 1.29312448e-03
2.19825239e+00 1.26624706e-03
2.22552016e+00 1.23991399e-03
2.25312618e+00 1.21411464e-03
2.28107462e+00 1.18883855e-03
2.30936975e+00 1.16407547e-03
2.33801586e+00 1.13981534e-03
2.36701730e+00 1.11604830e-03
2.39637849e+00 1.09276465e-03
2.42610388e+00 1.06995488e-03
2.45619799e+00 1.04760967e-03
2.48666540e+00 1.02571986e-03
2.51751073e+00 1.00427646e-03
2.54873868e+00 9.83270661e-04
2.58035399e+00 9.62693814e-04
2.61236147e+00 9.42537435e-04
2.64476598e+00 9.22793201e-04
2.67757244e+00 9.03452947e-04
2.71078584e+00 8.84508663e-04
2.74441124e+00 8.65952490e-04
2.77845373e+00 8.47776722e-04
2.81291849e+00 8.29973795e-04
2.84781077e+00 8.12536295e-04
2.88313586e+00 7.95456944e-04
2.91889913e+00 7.78728607e-04
2.95510602e+00 7.62344284e-04
2.99176204e+00 7.46297110e-04
3.02887274e+00 7.30580347e-04
3.06644378e+00 7.15187387e-04
3.10448086e+00 7.00111748e-04
3.14298976e+00 6.85347073e-04
3.18197634e+00 6.70887129e-04
3.22144651e+00 6.56725800e-04
3.26140629e+00 6.42857093e-04
3.30186175e+00 6.29275126e-04
3.34281902e+00 6.15974135e-04
3.38428434e+00 6.02948465e-04
3.42626401e+00 5.90192573e-04
3.46876440e+00 5.77701022e-04
3.51179198e+00 5.65468481e-04
3.55535329e+00 5.53489722e-04
3.59945495e+00 5.41759622e-04
3.64410366e+00 5.30273154e-04
3.68930620e+00 5.19025392e-04
3.73506945e+00 5.08011503e-04
3.78140036e+00 4.97226750e-04
3.82830598e+00 4.86666485e-04
3.87579342e+00 4.76326153e-04
3.92386991e+00 4.66201288e-04
3.97254276e+00 4.56287513e-04
4.02181936e+00 4.46580534e-04
4.07170720e+00 4.37076145e-04
4.12221386e+00 4.27770220e-04
4.17334703e+00 4.18658718e-04
4.22511446e+00 4.09737673e-04
4.27752404e+00 4.01003201e-04
4.33058372e+00 3.92451493e-04
4.38430156e+00 3.84078817e-04
4.43868574e+00 3.75881513e-04
4.49374452e+00 3.67855995e-04
4.54948626e+00 3.59998747e-04
4.60591943e+00 3.52306324e-04
4.66305263e+00 3.44775347e-04
4.72089452e+00 3.37402505e-04
4.77945389e+00 3.30184554e-04
4.83873966e+00 3.23118312e-04
4.89876082e+00 3.16200662e-04
4.95952650e+00 3.09428549e-04
5.02104594e+00 3.02798979e-04
5.08332849e+00 2.96309018e-04
5.14638360e+00 2.89955790e-04
5.21022087e+00 2.83736478e-04
5.27485000e+00 2.77648320e-04
5.34028080e+00 2.71688610e-04
5.40652323e+00 2.65854696e-04
5.47358735e+00 2.60143980e-04
5.54148335e+00 2.54553916e-04
5.61022156e+00 2.49082008e-04
5.67981241e+00 2.43725812e-04
5.75026649e+00 2.38482932e-04
5.82159450e+00 2.33351020e-04
5.89380729e+00 2.28327775e-04
5.96691582e+00 2.23410941e-04
6.04093122e+00 2.18598309e-04
6.11586472e+00 2.13887716e-04
6.19172772e+00 2.09277040e-04
6.26853175e+00 2.04764204e-04
6.34628848e+00 2.00347173e-04
6.42500973e+00 1.96023951e-04
6.50470746e+00 1.91792586e-04
6.58539378e+00 1.87651164e-04
6.66708096e+00 1.83597810e-04
6.74978141e+00 1.79630686e-04
6.83350770e+00 1.75747993e-04
6.91827256e+00 1.71947968e-04
7.00408887e+00 1.68228885e-04
7.09096966e+00 1.64589052e-04
7.17892816e+00 1.61026811e-04
7.26797771e+00 1.57540539e-04
7.35813186e+00 1.54128646e-04
7.44940432e+00 1.50789573e-04
7.54180894e+00 1.47521795e-04
7.63535978e+00 1.44323817e-04
7.73007104e+00 1.41194175e-04
7.82595714e+00 1.38131434e-04
7.92303264e+00 1.35134191e-04
8.02131228e+00 1.32201069e-04
8.12081102e+00 1.29330720e-04
8.22154397e+00 1.26521826e-04
8.32352645e+00 1.23773093e-04
8.42677394e+00 1.21083255e-04
8.53130214e+00 1.18451072e-04
8.63712695e+00 1.15875330e-04
8.74426443e+00 1.13354839e-04
8.85273089e+00 1.10888434e-04
8.96254279e+00 1.08474974e-04
9.07371683e+00 1.06113342e-04
9.18626991e+00 1.03802442e-04
9.30021913e+00 1.01541203e-04
9.41558180e+00 9.93285753e-05
9.53237548e+00 9.71635299e-05
9.65061789e+00 9.50450607e-05
9.77032702e+00 9.29721816e-05
9.89152106e+00 9.09439273e-05
1.00142184e+01 8.89593524e-05
1.01384378e+01 8.70175311e-05
1.02641979e+01 8.51175571e-05
1.03915181e+01 8.32585426e-05
1.05204176e+01 8.14396185e-05
1.06509160e+01 7.96599336e-05
1.07830331e+01 7.79186547e-05
1.09167890e+01 7.62149657e-05
1.10522041e+01 7.45480676e-05
1.11892989e+01 7.29171779e-05
1.13280943e+01 7.13215304e-05
1.14686114e+01 6.97603746e-05
1.16108714e+01 6.82329762e-05
1.17548961e+01 6.67386159e-05
1.19007074e+01 6.52765895e-05
1.20483273e+01 6.38462077e-05
1.21977783e+01 6.24467955e-05
1.23490831e+01 6.10776920e-05
1.25022648e+01 5.97382504e-05
1.26573466e+01 5.84278371e-05
1.28143521e+01 5.71458322e-05
1.29733052e+01 5.58916285e-05
1.31342299e+01 5.46646317e-05
1.32971508e+01 5.34642599e-05
1.34620926e+01 5.22899436e-05
1.36290804e+01 5.11411251e-05
1.37981395e+01 5.00172585e-05
1.39692957e+01 4.89178092e-05
1.41425750e+01 4.78422541e-05
1.43180037e+01 4.67900811e-05
1.44956085e+01 4.57607885e-05
1.46754163e+01 4.47538858e-05
1.48574546e+01 4.37688924e-05
1.50417508e+01 4.28053379e-05
1.52283332e+01 4.18627620e-05
1.54172299e+01 4.09407141e-05
1.56084698e+01 4.00387530e-05
1.58020819e+01 3.91564468e-05
1.59980956e+01 3.82933731e-05
1.61965408e+01 3.74491179e-05
1.63974475e+01 3.66232764e-05
1.66008463e+01 3.58154522e-05
1.68067681e+01 3.50252572e-05
1.70152442e+01 3.42523118e-05
1.72263064e+01 3.34962441e-05
1.74399866e+01 3.27566900e-05
1.76563174e+01 3.20332934e-05
1.78753316e+01 3.13257055e-05
1.80970625e+01 3.06335851e-05
1.83215438e+01 2.99565982e-05
1.85488097e+01 2.92944178e-05
1.87788946e+01 2.86467240e-05
1.90118336e+01 2.80132037e-05
1.92476621e+01 2.73935505e-05
1.94864158e+01 2.67874644e-05
1.97281311e+01 2.61946519e-05
1.99728446e+01 2.56148258e-05
2.02205937e+01 2.50477050e-05
2.04714160e+01 2.44930143e-05
2.07253495e+01 2.39504844e-05
2.09824329e+01 2.34198520e-05
2.12427052e+01 2.29008591e-05
2.15062060e+01 2.23932533e-05
2.17729754e+01 2.18967878e-05
2.20430539e+01 2.14112208e-05
2.23164824e+01 2.09363159e-05
2.25933027e+01 2.04718416e-05
2.28735567e+01 2.00175714e-05
2.31572871e+01 1.95732838e-05
2.34445370e+01 1.91387618e-05
2.37353500e+01 1.87137932e-05
2.40297703e+01 1.82981703e-05
2.43278427e+01 1.78916900e-05
2.46296125e+01 1.74941533e-05
2.49351255e+01 1.71053657e-05
2.52444282e+01 1.67251368e-05
2.55575676e+01 1.63532801e-05
2.58745913e+01 1.59896135e-05
2.61955474e+01 1.56339586e-05
2.65204847e+01 1.52861406e-05
2.68494527e+01 1.49459885e-05
2.71825013e+01 1.46133351e-05
2.75196811e+01 1.42880166e-05
2.78610434e+01 1.39698728e-05
2.82066400e+01 1.36587471e-05
2.85565236e+01 1.33544860e-05
2.89107472e+01 1.30569397e-05
2.92693646e+01 1.27659613e-05
2.96324305e+01 1.24814073e-05
3.00000000e+01 1.22031371e-05
